strategic_region={
	id=10
	name="STRATEGICREGION_10"
	provinces={
		30 33 37 46 52 69 114 118 133 141 143 154 163 196 197 204 226 238 251 252 263 275 281 307 352 445 462 478 482 499 508 515 523 534 551 552 559 581 645 723 734 736 741 744 746 751 790 823 857 875 880 918 938 941 944 965 1005 1010 1066 1068 1082 1097 1099 1114 1135 1149 1174 1183 1202 1206 1211 1218 1222 1230 1233 1237 1253 1256 1260 1263 1272 1273 1282 1293 1296 1301 1323 1335 1357 1372 1374 1385 1387 1395 1415 1418 1423 1444 1465 1494 1496 1520 1530 1534 1577 1579 1591 1595 1616 1623 1644 1709 1716 1735 1746 1748 1750 1763 1775 1787 1840 1844 1855 1859 1868 1873 1880 1889 1894 1906 1907 1915 1916 1924 1935 1940 1945 1961 1973 1974 1977 1978 1997 2025 2028 2034 2061 2068 2074 2083 2124 2127 2137 2154 2197 2217 2219 2225 2238 2249 2251 2255 2293 2300 2302 2319 2325 2331 2348 2360 2363 2369 2372 2373 2380 2389 2399 2408 2417 2429 2452 2464 2467 2480 2487 2497 2505 2522 2538 2539 2574 2587 2592 2607 2626 2635 2655 2681 2710 2714 2719 2756 2791 2801 2807 2809 2818 2825 2839 2841 2857 2861 2866 2868 2880 2881 2884 2888 2889 2898 2905 2914 2925 2931 2934 2947 2950 2952 2958 2959 2968 2993 2995 3013 3019 3022 3035 3055 3064 3073 3083 3130 3131 3132 3141 3146 3150 3161 3173 3176 3181 3202 3204 3206 3215 3222 3228 3251 3253 3264 3270 3273 3284 3293 3328 4817 4861 4866 4890 4901 4933 4958 4965 4971 5006 5011 5015 5030 5050 5053 5059 5060 5071 5078 5091 5099 5100 5104 5110 5119 5123 5132 5153 5154 5159 5163 5164 5175 5179 5186 5201 5210 5231 5238 5245 5246 5251 5252 5255 5259 5273 5288 5289 5291 5302 5306 5311 5312 5318 5333 5345 5346 5348 5349 5357 5370 5373 5377 5383 5384 5387 5389 5390 5395 5403 5410 5412 5422 5423 5426 5434 5437 5438 5451 5460 5461 5465 5469 5470 5476 5482 5487 5490 5494 5501 5502 5507 5515 5516 5520 5536 5537 5543 5544 5559 5567 5572 5582 5583 5584 5590 5602 5608 5614 5631 5632 5633 5637 5641 5650 5660 5661 5662 5674 5676 5677 5681 5692 5693 5696 5701 5706 5707 5718 5719 5720 5721 5722 5728 5732 5735 5739 5740 5741 5749 5753 5755 5758 5759 5764 5768 5769 5784 5787 5788 5795 5796 5803 5806 5807 5812 5816 5822 5828 5834 5835 5841 5848 5849 5850 5853 5855 5856 5857 5858 5868 5873 5874 5875 5880 5887 5888 5893 5894 5895 5902 5906 5907 5915 5921 5924 5925 5933 5935 5936 5940 5941 5942 5943 5944 5951 5952 5958 5962 5964 5965 5968 5969 5975 5976 5977 5978 5981 5982 5987 5988 5993 5994 6000 6002 6007 6008 6015 6016 6023 6026 6029 6037 6041 6042 6046 6053 6061 6063 6064 6065 6070 6071 6076 6077 6082 6083 6088 6092 6093 6096 6100 6101 6102 6117 6118 6122 6123 6124 6127 6128 6133 6137 6142 6146 6147 6148 6150 6152 6159 6160 6162 6164 6166 6171 6172 6185 6186 6187 6191 6192 6198 6199 6203 6211 6213 6214 6227 6235 6255 6256 6264 6285 6460 8217 
	}
	weather={
		period={
			between={ 0.0 30.0 }
			temperature={ -10.0 35.0 }
			no_phenomenon=1.500
			rain_light=0.250
			rain_heavy=0.100
			snow=0.000
			blizzard=0.000
			arctic_water=0.000
			mud=0.000
			sandstorm=0.000
			min_snow_level=0.000
		}
		period={
			between={ 0.1 27.1 }
			temperature={ -10.0 35.0 }
			no_phenomenon=1.500
			rain_light=0.250
			rain_heavy=0.100
			snow=0.000
			blizzard=0.000
			arctic_water=0.000
			mud=0.000
			sandstorm=0.000
			min_snow_level=0.000
		}
		period={
			between={ 0.2 30.2 }
			temperature={ -10.0 35.0 }
			no_phenomenon=1.500
			rain_light=0.250
			rain_heavy=0.100
			snow=0.000
			blizzard=0.000
			arctic_water=0.000
			mud=0.000
			sandstorm=0.000
			min_snow_level=0.000
		}
		period={
			between={ 0.3 29.3 }
			temperature={ -10.0 35.0 }
			no_phenomenon=1.500
			rain_light=0.250
			rain_heavy=0.100
			snow=0.000
			blizzard=0.000
			arctic_water=0.000
			mud=0.000
			sandstorm=0.000
			min_snow_level=0.000
		}
		period={
			between={ 0.4 30.4 }
			temperature={ -10.0 35.0 }
			no_phenomenon=1.500
			rain_light=0.250
			rain_heavy=0.100
			snow=0.000
			blizzard=0.000
			arctic_water=0.000
			mud=0.000
			sandstorm=0.000
			min_snow_level=0.000
		}
		period={
			between={ 0.5 29.5 }
			temperature={ -10.0 35.0 }
			no_phenomenon=1.500
			rain_light=0.250
			rain_heavy=0.100
			snow=0.000
			blizzard=0.000
			arctic_water=0.000
			mud=0.000
			sandstorm=0.000
			min_snow_level=0.000
		}
		period={
			between={ 0.6 30.6 }
			temperature={ -10.0 35.0 }
			no_phenomenon=1.500
			rain_light=0.250
			rain_heavy=0.100
			snow=0.000
			blizzard=0.000
			arctic_water=0.000
			mud=0.000
			sandstorm=0.000
			min_snow_level=0.000
		}
		period={
			between={ 0.7 30.7 }
			temperature={ -10.0 35.0 }
			no_phenomenon=1.500
			rain_light=0.250
			rain_heavy=0.100
			snow=0.000
			blizzard=0.000
			arctic_water=0.000
			mud=0.000
			sandstorm=0.000
			min_snow_level=0.000
		}
		period={
			between={ 0.8 29.8 }
			temperature={ -10.0 35.0 }
			no_phenomenon=1.500
			rain_light=0.250
			rain_heavy=0.100
			snow=0.000
			blizzard=0.000
			arctic_water=0.000
			mud=0.000
			sandstorm=0.000
			min_snow_level=0.000
		}
		period={
			between={ 0.9 30.9 }
			temperature={ -10.0 35.0 }
			no_phenomenon=1.500
			rain_light=0.250
			rain_heavy=0.100
			snow=0.000
			blizzard=0.000
			arctic_water=0.000
			mud=0.000
			sandstorm=0.000
			min_snow_level=0.000
		}
		period={
			between={ 0.10 29.10 }
			temperature={ -10.0 35.0 }
			no_phenomenon=1.500
			rain_light=0.250
			rain_heavy=0.100
			snow=0.000
			blizzard=0.000
			arctic_water=0.000
			mud=0.000
			sandstorm=0.000
			min_snow_level=0.000
		}
		period={
			between={ 0.11 30.11 }
			temperature={ -10.0 35.0 }
			no_phenomenon=1.500
			rain_light=0.250
			rain_heavy=0.100
			snow=0.000
			blizzard=0.000
			arctic_water=0.000
			mud=0.000
			sandstorm=0.000
			min_snow_level=0.000
		}
	}
}
