strategic_region={
	id=12
	name="STRATEGICREGION_12"
	provinces={
		10 17 38 51 59 63 70 82 87 90 96 106 131 135 147 175 184 210 232 234 244 278 280 285 297 304 311 314 317 320 322 332 337 346 372 384 397 402 419 437 441 442 456 459 466 468 498 504 507 509 510 524 540 565 566 567 571 606 622 631 632 633 660 665 674 683 695 705 710 735 743 745 755 758 764 770 822 831 853 864 871 879 883 900 906 916 917 963 973 985 997 1038 1039 1040 1041 1045 1051 1075 1076 1089 1110 1121 1128 1130 1138 1147 1151 1167 1173 1178 1184 1189 1194 1196 1208 1209 1226 1232 1234 1243 1246 1247 1270 1299 1300 1319 1328 1330 1336 1337 1343 1349 1351 1367 1391 1393 1397 1399 1402 1406 1407 1411 1412 1416 1419 1426 1437 1439 1440 1459 1479 1490 1507 1511 1526 1547 1551 1553 1564 1580 1581 1589 1590 1594 1605 1639 1652 1660 1669 1678 1681 1683 1693 1699 1705 1714 1719 1722 1742 1745 1752 1777 1809 1812 1814 1830 1833 1835 1843 1849 1850 1862 1863 1886 1918 1925 1936 1946 1954 1959 1988 1994 2004 2010 2012 2016 2045 2047 2049 2050 2054 2058 2067 2072 2075 2076 2097 2114 2126 2144 2146 2153 2161 2175 2179 2189 2196 2205 2210 2220 2222 2233 2235 2237 2240 2242 2245 2253 2258 2259 2260 2263 2271 2275 2283 2289 2301 2307 2315 2323 2341 2349 2352 2368 2377 2396 2400 2405 2416 2426 2433 2453 2458 2479 2481 2508 2548 2553 2563 2565 2578 2600 2603 2608 2610 2615 2618 2625 2627 2630 2631 2637 2642 2646 2647 2657 2677 2678 2688 2691 2704 2706 2722 2736 2738 2739 2751 2752 2766 2769 2786 2792 2799 2804 2815 2822 2823 2827 2836 2838 2840 2849 2864 2867 2871 2872 2890 2908 2916 2918 2922 2923 2929 2936 2956 2961 2963 2981 2983 2989 2990 3001 3003 3007 3008 3032 3041 3046 3054 3057 3059 3062 3065 3091 3107 3116 3135 3147 3157 3158 3164 3171 3175 3184 3188 3192 3194 3203 3223 3230 3239 3263 3276 3279 3294 3314 3316 3319 3321 3327 4218 4239 4247 4262 4300 4304 4311 4318 4329 4346 4348 4356 4359 4362 4363 4375 4396 4413 4414 4422 4425 4431 4440 4446 4457 4465 4478 4480 4481 4484 4497 4505 4506 4509 4517 4522 4527 4528 4533 4534 4540 4541 4542 4548 4549 4559 4567 4568 4590 4591 4592 4597 4598 4601 4603 4604 4607 4608 4609 4610 4616 4622 4627 4628 4636 4637 4646 4647 4648 4652 4653 4659 4661 4662 4669 4670 4674 4675 4676 4684 4685 4686 4687 4688 4689 4693 4697 4706 4710 4713 4714 4721 4722 4725 4726 4732 4733 4735 4736 4737 4741 4745 4746 4750 4758 4759 4764 4765 4771 4772 4776 4777 4778 4783 4788 4797 4798 4801 4802 4804 4805 4806 4807 4808 4811 4814 4815 4818 4819 4823 4824 4825 4829 4830 4842 4846 4849 4850 4851 4857 4858 4862 4863 4867 4874 4875 4876 4877 4881 4885 4888 4889 4891 4892 4893 4894 4897 4902 4907 4908 4909 4910 4914 4915 4920 4921 4929 4930 4931 4934 4935 4936 4943 4946 4950 4954 4959 4960 4966 4972 4977 4978 4981 4982 4983 4988 4989 4993 4994 4998 4999 5007 5016 5017 5021 5025 5026 5031 5034 5035 5036 5040 5041 5045 5051 5054 5061 5064 5065 5072 5073 5079 5085 5086 5087 5088 5092 5093 5096 5101 5111 5112 5117 5124 5125 5126 5127 5135 5141 5142 5143 5146 5155 5160 5165 5166 5168 5176 5180 5181 5182 5183 5187 5188 5202 5203 5211 5212 5219 5221 5227 5228 5229 5232 5239 5240 5241 5242 5247 5253 5254 5260 5261 5266 5267 5268 5275 5281 5284 5285 5292 5298 5303 5307 5308 5313 5314 5316 5319 5322 5323 5329 5334 5335 5337 5338 5342 5354 5355 5358 5363 5364 5368 5369 5374 5378 5379 5385 5391 5396 5397 5407 5408 5413 5427 5435 5439 5440 5447 5450 5452 5453 5462 5471 5472 5479 5483 5495 5496 5497 5517 5523 5531 5532 5538 5541 5542 5545 5546 5551 5552 5553 5554 5560 5561 5562 5573 5574 5585 5591 5592 5598 5603 5604 5605 5618 5619 5620 5624 5628 5642 5643 5644 5647 5651 5652 5653 5663 5668 5669 5675 5678 5679 5683 5688 5689 5697 5698 5704 5708 5709 5715 5726 5729 5730 5736 5737 5742 5743 5746 5750 5760 5761 5770 5771 5772 5778 5779 5785 5797 5798 5799 5808 5813 5814 5817 5836 5842 5843 5859 5869 5881 5885 5886 5889 5903 5908 5911 5916 5922 5926 5927 5934 5937 5938 5953 5959 5960 5966 5970 5983 5989 5997 5998 6017 6024 6054 6094 6097 6112 6154 6207 6362 6590 
	}
	weather={
		period={
			between={ 0.0 30.0 }
			temperature={ -10.0 35.0 }
			no_phenomenon=1.500
			rain_light=0.250
			rain_heavy=0.100
			snow=0.000
			blizzard=0.000
			arctic_water=0.000
			mud=0.000
			sandstorm=0.000
			min_snow_level=0.000
		}
		period={
			between={ 0.1 27.1 }
			temperature={ -10.0 35.0 }
			no_phenomenon=1.500
			rain_light=0.250
			rain_heavy=0.100
			snow=0.000
			blizzard=0.000
			arctic_water=0.000
			mud=0.000
			sandstorm=0.000
			min_snow_level=0.000
		}
		period={
			between={ 0.2 30.2 }
			temperature={ -10.0 35.0 }
			no_phenomenon=1.500
			rain_light=0.250
			rain_heavy=0.100
			snow=0.000
			blizzard=0.000
			arctic_water=0.000
			mud=0.000
			sandstorm=0.000
			min_snow_level=0.000
		}
		period={
			between={ 0.3 29.3 }
			temperature={ -10.0 35.0 }
			no_phenomenon=1.500
			rain_light=0.250
			rain_heavy=0.100
			snow=0.000
			blizzard=0.000
			arctic_water=0.000
			mud=0.000
			sandstorm=0.000
			min_snow_level=0.000
		}
		period={
			between={ 0.4 30.4 }
			temperature={ -10.0 35.0 }
			no_phenomenon=1.500
			rain_light=0.250
			rain_heavy=0.100
			snow=0.000
			blizzard=0.000
			arctic_water=0.000
			mud=0.000
			sandstorm=0.000
			min_snow_level=0.000
		}
		period={
			between={ 0.5 29.5 }
			temperature={ -10.0 35.0 }
			no_phenomenon=1.500
			rain_light=0.250
			rain_heavy=0.100
			snow=0.000
			blizzard=0.000
			arctic_water=0.000
			mud=0.000
			sandstorm=0.000
			min_snow_level=0.000
		}
		period={
			between={ 0.6 30.6 }
			temperature={ -10.0 35.0 }
			no_phenomenon=1.500
			rain_light=0.250
			rain_heavy=0.100
			snow=0.000
			blizzard=0.000
			arctic_water=0.000
			mud=0.000
			sandstorm=0.000
			min_snow_level=0.000
		}
		period={
			between={ 0.7 30.7 }
			temperature={ -10.0 35.0 }
			no_phenomenon=1.500
			rain_light=0.250
			rain_heavy=0.100
			snow=0.000
			blizzard=0.000
			arctic_water=0.000
			mud=0.000
			sandstorm=0.000
			min_snow_level=0.000
		}
		period={
			between={ 0.8 29.8 }
			temperature={ -10.0 35.0 }
			no_phenomenon=1.500
			rain_light=0.250
			rain_heavy=0.100
			snow=0.000
			blizzard=0.000
			arctic_water=0.000
			mud=0.000
			sandstorm=0.000
			min_snow_level=0.000
		}
		period={
			between={ 0.9 30.9 }
			temperature={ -10.0 35.0 }
			no_phenomenon=1.500
			rain_light=0.250
			rain_heavy=0.100
			snow=0.000
			blizzard=0.000
			arctic_water=0.000
			mud=0.000
			sandstorm=0.000
			min_snow_level=0.000
		}
		period={
			between={ 0.10 29.10 }
			temperature={ -10.0 35.0 }
			no_phenomenon=1.500
			rain_light=0.250
			rain_heavy=0.100
			snow=0.000
			blizzard=0.000
			arctic_water=0.000
			mud=0.000
			sandstorm=0.000
			min_snow_level=0.000
		}
		period={
			between={ 0.11 30.11 }
			temperature={ -10.0 35.0 }
			no_phenomenon=1.500
			rain_light=0.250
			rain_heavy=0.100
			snow=0.000
			blizzard=0.000
			arctic_water=0.000
			mud=0.000
			sandstorm=0.000
			min_snow_level=0.000
		}
	}
}
