strategic_region={
	id=2
	name="STRATEGICREGION_2"
	provinces={
		6995 7001 7004 7005 7008 7010 7011 7012 7015 7016 7017 7019 7021 7023 7024 7026 7028 7034 7035 7036 7037 7039 7040 7041 7042 7043 7045 7046 7049 7052 7053 7054 7055 7056 7058 7060 7064 7066 7067 7071 7072 7073 7075 7076 7077 7079 7080 7082 7084 7086 7087 7088 7089 7092 7093 7096 7097 7098 7100 7103 7104 7109 7110 7111 7112 7114 7115 7116 7120 7121 7123 7128 7130 7131 7132 7135 7136 7137 7138 7139 7140 7141 7142 7143 7144 7145 7146 7147 7148 7149 7150 7151 7153 7154 7155 7157 7158 7161 7163 7164 7166 7167 7168 7170 7171 7173 7174 7176 7177 7178 7181 7183 7185 7186 7187 7188 7190 7192 7193 7194 7195 7199 7201 7202 7203 7205 7208 7210 7212 7214 7215 7216 7217 7218 7222 7223 7227 7228 7229 7231 7233 7234 7236 7240 7242 7243 7245 7247 7249 7250 7252 7255 7256 7257 7258 7262 7264 7265 7267 7268 7271 7272 7273 7276 7278 7281 7282 7283 7285 7287 7291 7294 7299 7300 7301 7303 7304 7305 7306 7308 7309 7310 7315 7318 7319 7321 7322 7324 7325 7326 7327 7329 7330 7333 7334 7335 7336 7337 7339 7340 7342 7343 7344 7346 7347 7348 7349 7350 7352 7353 7354 7355 7356 7357 7360 7362 7365 7369 7371 7372 7374 7376 7377 7379 7384 7388 7389 7393 7395 7396 7397 7400 7401 7403 7405 7406 7407 7409 7412 7413 7415 7416 7417 7421 7425 7426 7428 7430 7432 7433 7434 7435 7436 7438 7440 7442 7443 7445 7448 7450 7452 7453 7454 7458 7461 7462 7465 7467 7469 7474 7479 7480 7482 7483 7484 7486 7487 7489 7491 7496 7497 7498 7501 7504 7506 7508 7509 7510 7511 7512 7513 7519 7520 7526 7528 7530 7531 7532 7533 7534 7535 7536 7538 7540 7543 7544 7546 7547 7550 7552 7554 7557 7561 7565 7568 7569 7572 7573 7574 7575 7578 7581 7582 7584 7585 7589 7594 7597 7606 7608 7610 7611 7615 7619 7620 7622 7624 7631 7632 7634 7636 7637 7638 7642 7647 7649 7652 7655 7656 7659 7661 7665 7672 7673 7675 7679 7680 7684 7687 7688 7690 7696 7697 7698 7699 7701 7704 7706 7707 7708 7712 7713 7720 7721 7725 7729 7731 7732 7735 7736 7737 7739 7740 7741 7742 7743 7754 7755 7756 7757 7758 7761 7768 7769 7774 7775 7777 7778 7779 7780 7781 7782 7783 7786 7792 7793 7795 7799 7801 7802 7803 7810 7811 7813 7814 7820 7822 7824 7825 7826 7827 7828 7833 7844 7849 7850 7853 7854 7856 7857 7859 7860 7861 7862 7874 7880 7881 7882 7886 7889 7894 7895 7899 7911 7912 7915 7925 7931 7932 7936 7943 7944 7945 7946 7947 7952 7953 7955 7959 7964 7966 7968 7970 7971 7972 7974 7978 7979 7986 7988 7992 7997 8003 8004 8005 8006 8007 8013 8014 8017 8022 8027 8028 8032 8033 8036 8041 8045 8052 8053 8055 8056 8058 8061 8063 8065 8068 8079 8083 8084 8087 8088 8090 8093 8104 8107 8109 8111 8112 8113 8115 8116 8117 8127 8132 8133 8134 8135 8138 8139 8141 8145 8148 8152 8158 8162 8168 8170 8173 8179 8181 8183 8185 8189 8190 8192 8193 8201 8202 
	}
	naval_terrain=water_deep_ocean
	weather={
		period={
			between={ 0.0 30.0 }
			temperature={ -10.0 35.0 }
			no_phenomenon=1.500
			rain_light=0.250
			rain_heavy=0.100
			snow=0.000
			blizzard=0.000
			arctic_water=0.000
			mud=0.000
			sandstorm=0.000
			min_snow_level=0.000
		}
		period={
			between={ 0.1 27.1 }
			temperature={ -10.0 35.0 }
			no_phenomenon=1.500
			rain_light=0.250
			rain_heavy=0.100
			snow=0.000
			blizzard=0.000
			arctic_water=0.000
			mud=0.000
			sandstorm=0.000
			min_snow_level=0.000
		}
		period={
			between={ 0.2 30.2 }
			temperature={ -10.0 35.0 }
			no_phenomenon=1.500
			rain_light=0.250
			rain_heavy=0.100
			snow=0.000
			blizzard=0.000
			arctic_water=0.000
			mud=0.000
			sandstorm=0.000
			min_snow_level=0.000
		}
		period={
			between={ 0.3 29.3 }
			temperature={ -10.0 35.0 }
			no_phenomenon=1.500
			rain_light=0.250
			rain_heavy=0.100
			snow=0.000
			blizzard=0.000
			arctic_water=0.000
			mud=0.000
			sandstorm=0.000
			min_snow_level=0.000
		}
		period={
			between={ 0.4 30.4 }
			temperature={ -10.0 35.0 }
			no_phenomenon=1.500
			rain_light=0.250
			rain_heavy=0.100
			snow=0.000
			blizzard=0.000
			arctic_water=0.000
			mud=0.000
			sandstorm=0.000
			min_snow_level=0.000
		}
		period={
			between={ 0.5 29.5 }
			temperature={ -10.0 35.0 }
			no_phenomenon=1.500
			rain_light=0.250
			rain_heavy=0.100
			snow=0.000
			blizzard=0.000
			arctic_water=0.000
			mud=0.000
			sandstorm=0.000
			min_snow_level=0.000
		}
		period={
			between={ 0.6 30.6 }
			temperature={ -10.0 35.0 }
			no_phenomenon=1.500
			rain_light=0.250
			rain_heavy=0.100
			snow=0.000
			blizzard=0.000
			arctic_water=0.000
			mud=0.000
			sandstorm=0.000
			min_snow_level=0.000
		}
		period={
			between={ 0.7 30.7 }
			temperature={ -10.0 35.0 }
			no_phenomenon=1.500
			rain_light=0.250
			rain_heavy=0.100
			snow=0.000
			blizzard=0.000
			arctic_water=0.000
			mud=0.000
			sandstorm=0.000
			min_snow_level=0.000
		}
		period={
			between={ 0.8 29.8 }
			temperature={ -10.0 35.0 }
			no_phenomenon=1.500
			rain_light=0.250
			rain_heavy=0.100
			snow=0.000
			blizzard=0.000
			arctic_water=0.000
			mud=0.000
			sandstorm=0.000
			min_snow_level=0.000
		}
		period={
			between={ 0.9 30.9 }
			temperature={ -10.0 35.0 }
			no_phenomenon=1.500
			rain_light=0.250
			rain_heavy=0.100
			snow=0.000
			blizzard=0.000
			arctic_water=0.000
			mud=0.000
			sandstorm=0.000
			min_snow_level=0.000
		}
		period={
			between={ 0.10 29.10 }
			temperature={ -10.0 35.0 }
			no_phenomenon=1.500
			rain_light=0.250
			rain_heavy=0.100
			snow=0.000
			blizzard=0.000
			arctic_water=0.000
			mud=0.000
			sandstorm=0.000
			min_snow_level=0.000
		}
		period={
			between={ 0.11 30.11 }
			temperature={ -10.0 35.0 }
			no_phenomenon=1.500
			rain_light=0.250
			rain_heavy=0.100
			snow=0.000
			blizzard=0.000
			arctic_water=0.000
			mud=0.000
			sandstorm=0.000
			min_snow_level=0.000
		}
	}
}
