3 2 411 1809 
3 5 2672 2140 4841 1314 4744 
4 6 1346 5136 2495 27 5032 345 
5 4 14 4623 2873 2967 
3 5 4624 1145 4583 4555 4577 
3 9 3196 765 2612 299 3461 1882 3499 3522 3534 
3 5 4704 2073 4632 4589 4538 
2 3 4427 2115 222 
2 5 3942 3918 2338 3924 1536 
4 6 4492 4518 1302 4473 4515 4554 
3 6 4493 241 4384 682 4278 1800 
3 4 4577 4516 366 4435 
3 4 2930 2834 4715 2748 
2 3 512 4928 129 
3 5 4766 358 4672 4668 4631 
3 6 4493 4454 2800 2685 4358 625 
2 6 3803 2566 2795 3888 3923 1691 
2 5 4520 2365 4519 2462 2257 
2 4 4427 4388 4387 3262 
2 9 3942 1043 4010 3229 4112 3134 4229 4275 222 
2 6 2280 859 3507 1116 367 12 
2 11 3196 1064 3376 1955 895 2437 3362 191 1033 3400 522 
1 4 3376 291 1331 3356 
2 14 128 227 1060 1024 412 738 3374 640 2540 1899 621 3414 526 3437 
1 7 1691 3985 4014 2043 365 4122 4145 
2 5 1691 4002 89 2443 4099 
1 7 4136 4161 2118 4251 1774 4320 2910 
2 4 4415 2837 2870 1377 
1 5 4441 2309 4321 4267 4219 
3 4 4441 1546 2754 4510 
2 4 2746 4535 2920 411 
4 6 345 2530 324 4837 627 808 
3 5 4612 2234 4728 3144 273 
4 4 501 3510 208 2020 
3 3 1074 394 3491 
2 5 3662 1013 1450 3245 3607 
3 3 3629 2244 95 
2 5 3607 1703 2390 3615 3625 
3 4 1394 3445 1771 2020 
3 3 2930 1501 4554 
3 3 2967 2573 4744 
3 2 4766 1485 
3 15 1962 3669 672 3696 3712 546 3745 3727 1491 3777 2945 3817 3833 3857 3860 
3 2 3900 3860 
1 7 3797 2032 1090 3901 3929 1928 4003 
1 4 2007 2803 1058 820 
1 4 3795 1254 47 3900 
1 6 1877 1286 1607 2270 636 3900 
5 3 14 4545 4493 
4 10 1536 3943 3979 1215 4069 905 1081 4225 410 4310 
4 5 4310 4276 1790 4325 4428 
3 4 4538 4487 3031 4428 
4 4 1536 2499 3847 684 
4 11 684 2926 3793 3764 3735 3719 2167 697 49 3678 3212 
3 3 3212 619 3693 
2 7 3212 3708 3722 3751 3784 444 1050 
1 3 1050 3201 718 
1 4 3124 3744 890 3702 
1 5 1865 3859 36 3910 1661 
1 3 1060 793 3356 
1 4 1610 65 1871 2666 
1 9 2280 3468 1457 3465 3155 3496 931 3527 2030 
1 3 227 2145 556 
1 3 3429 692 556 
1 3 2666 601 1882 
3 2 3499 2454 
1 4 1056 3090 3743 3789 
1 6 1056 1428 3303 545 3701 3702 
2 6 820 789 3679 3687 3680 1962 
2 3 3565 1009 3576 
1 4 1853 306 23 3371 
1 3 306 3351 1799 
1 2 23 1799 
1 2 4441 2746 
4 5 2746 4569 688 492 808 
3 5 808 4727 2079 2449 4612 
1 2 4510 4415 
2 4 1691 4020 2436 4136 
1 5 4136 2741 4219 2174 1377 
1 3 3888 1768 1688 
1 4 2795 428 3883 3864 
3 11 1631 1360 948 2927 4130 3087 1022 4265 2770 2797 679 
1 3 2280 1466 3429 
1 2 3429 1610 
1 2 1610 128 
3 3 3196 1229 128 
1 4 2437 3354 888 1726 
1 3 3356 453 3342 
1 4 3356 2180 28 1643 
1 3 412 1721 1643 
1 4 640 1297 583 2747 
1 5 738 1648 3352 258 495 
1 5 931 590 662 3525 367 
1 3 1257 351 427 
1 6 512 4865 4831 4799 3324 4704 
3 3 4427 279 4520 
3 5 4704 781 4614 4564 4520 
2 4 3795 1169 3823 3860 
2 5 3904 3217 3987 1240 3140 
1 5 3906 3941 349 4016 4065 
1 6 3875 124 1513 699 435 4037 
3 4 3906 3911 1999 3875 
3 6 3875 3179 3811 1048 3828 3813 
1 3 3308 3871 2344 
1 6 3813 3815 2472 604 1259 1148 
3 12 3813 3786 148 2686 421 1744 1737 469 3798 729 3846 1148 
3 2 1148 2344 
2 4 2344 2170 2785 538 
1 5 604 3907 3948 3978 4009 
1 5 1865 1350 2113 368 1837 
1 3 3789 525 3797 
1 4 3797 3792 3788 3124 
1 5 3795 2007 3785 993 3124 
1 3 3702 614 820 
2 6 2568 3667 34 3666 3657 3300 
1 3 1056 3685 3300 
3 3 4612 2151 4510 
1 2 4415 276 
3 5 1346 5043 2962 1087 4916 
2 3 4492 1929 4477 
3 4 4612 3172 1901 2081 
4 6 345 1793 2843 4903 4870 1123 
2 5 4916 1903 4827 4822 1123 
3 3 2541 1554 2581 
1 5 4916 4961 5009 2206 1401 
3 4 5206 1941 5207 200 
5 3 4744 650 14 
5 2 14 4631 
3 2 4841 1485 
5 4 4631 193 4576 4577 
3 2 4766 4754 
5 4 4554 3070 1482 14 
3 2 4492 4453 
3 3 2967 4753 1634 
2 3 2930 98 1634 
3 3 1634 4794 4816 
2 2 512 1329 
3 4 2967 2420 4879 4917 
2 7 1485 1413 2699 4895 4922 4948 129 
1 2 1401 5161 
4 10 3064 5357 5318 5288 5200 1383 1597 2040 5003 308 
3 5 308 4956 1112 4884 4845 
4 6 308 2946 4970 4925 2636 4845 
4 24 4845 4854 4873 4896 4924 4969 5005 68 5077 5131 2900 5250 5258 5218 5198 2199 5280 3077 5362 5406 5446 1872 5519 5555 
3 3 4845 3234 4769 
2 4 4896 1447 360 3136 
2 7 5077 1983 4997 4992 240 3067 4860 
4 4 6418 6407 6392 2187 
4 4 6440 6452 670 2456 
5 6 964 5879 5930 326 407 3322 
5 4 964 1586 5734 2971 
5 5 964 5862 5901 41 5932 
5 3 964 5786 2264 
5 4 41 5867 2290 5827 
3 8 5692 1296 5755 2934 5796 196 141 5894 
3 7 2888 1616 6123 6124 1444 2061 1263 
3 4 1263 1997 6076 2958 
3 2 5856 3284 
2 5 2958 2952 6046 1174 6124 
3 3 2958 5987 1301 
4 2 1123 273 
4 8 273 2775 4698 85 62 1069 94 2148 
3 5 2581 4789 4738 4690 2148 
3 5 2581 1047 4782 1860 4723 
2 7 2581 4848 405 4926 4973 4986 120 
3 3 4916 1651 2541 
3 4 2541 4939 561 2059 
1 4 5161 1738 519 2059 
1 5 5161 867 2690 3102 5324 
3 3 2157 5262 200 
1 2 1401 200 
2 4 344 4273 1471 4244 
2 5 1682 4442 1919 4523 1620 
4 2 2148 4641 
4 5 4641 533 1781 4513 866 
2 7 4477 4462 3109 4491 3085 4499 866 
4 3 866 4405 4352 
4 3 1620 4594 4641 
3 5 1620 4490 4482 4433 3052 
3 4 2081 2195 142 1682 
2 3 2081 1828 4312 
3 3 1682 4331 344 
2 3 344 4243 4198 
1 4 4198 2413 3100 2969 
2 2 4198 1129 
3 5 4791 25 2550 4761 4723 
2 6 4723 2643 4691 974 996 2485 
2 4 2748 2022 4700 2485 
3 3 2254 2919 5206 
1 6 639 2903 666 1817 1390 3665 
1 6 1893 2218 2584 1676 837 3392 
1 7 1893 2596 642 91 732 3079 3480 
2 3 3469 886 3464 
4 6 501 3514 2272 715 3520 107 
4 3 501 3526 2885 
2 5 2885 112 3547 186 3576 
3 2 3607 95 
1 2 1448 3565 
3 3 95 3578 3565 
4 2 2885 2828 
3 4 1394 417 305 2534 
4 2 2020 3491 
3 3 3491 685 3459 
3 4 497 769 2671 1514 
3 2 1394 1514 
3 3 1514 1000 881 
3 2 95 3598 
3 4 1125 3533 659 1074 
3 2 1448 1074 
2 6 3564 2224 464 3561 1342 3573 
2 5 3564 3549 3063 663 3480 
2 9 3480 3492 1152 3478 348 3515 7 1996 439 
2 6 3300 3 3627 3616 1213 3573 
1 6 3300 3271 1992 848 3094 3665 
3 3 1962 173 3628 
3 13 3628 1012 3623 975 2932 2241 2845 1875 3575 2585 3541 2621 676 
1 4 3469 408 1278 3540 
2 3 3469 392 3459 
1 3 820 2624 2568 
2 7 2568 1341 18 110 3580 812 1937 
2 4 3573 2762 1525 1937 
1 8 1893 195 1488 768 2997 647 989 2361 
2 3 2361 3383 868 
2 7 3392 2013 2693 105 1517 3485 439 
1 4 3392 108 3401 868 
1 17 3353 1139 700 236 399 1881 187 3336 3333 3286 1140 266 3337 907 2036 178 104 
2 3 439 1826 2965 
1 4 1937 2774 3538 2965 
2 4 2965 927 3529 3539 
3 5 676 3519 489 3512 3495 
3 3 2965 3505 76 
3 4 868 1792 26 3433 
3 6 3433 908 3420 3403 1166 3390 
2 4 2361 2475 1462 3353 
2 4 3353 209 530 569 
3 3 3390 1322 418 
2 5 681 2401 400 3451 3464 
3 6 881 3408 3399 763 3394 706 
3 3 76 1175 3433 
3 8 3495 264 57 2393 2424 3481 364 76 
3 6 1690 1600 3252 2441 1481 1646 
1 4 3464 126 3502 1690 
3 5 1690 286 3532 213 3540 
3 3 1125 198 548 
2 2 3540 1125 
3 4 418 3396 1223 706 
2 3 593 1671 3361 
2 7 569 220 1527 3360 32 1177 104 
1 3 569 219 3390 
2 2 497 1007 
3 2 497 3358 
2 3 3361 3373 1007 
1 5 104 434 55 1155 3361 
2 5 418 1480 164 172 593 
1 3 706 3384 593 
2 4 681 3463 602 1646 
3 3 681 39 418 
3 2 1646 3495 
1 6 3665 3639 2090 1245 1552 3564 
1 6 3628 591 3597 3011 313 3539 
3 3 3539 192 676 
1 4 881 3443 2215 3491 
2 3 95 607 3533 
3 3 5904 2527 919 
5 3 919 6035 6067 
4 4 1199 951 6202 6229 
4 4 1199 6072 876 6059 
4 3 6073 2274 6059 
4 5 6059 6022 1077 5948 5919 
1 5 129 4980 5028 5076 1883 
5 5 201 6135 6156 1762 6195 
4 3 6067 6106 1199 
4 3 6195 3323 6263 
3 6 6244 6233 2611 6253 1108 6245 
5 3 6067 597 201 
3 6 6021 6019 1869 2673 5877 2813 
4 7 6229 1098 3154 2506 452 2960 2166 
2 7 6229 1727 6237 2265 6167 24 6073 
4 8 6168 1498 2896 6196 2972 6125 1266 6115 
4 3 5919 5866 873 
2 5 5919 5878 2269 2385 5752 
4 6 873 261 5711 5670 5629 1241 
4 5 5904 5865 1971 5801 901 
5 3 5904 3320 873 
4 4 2166 6301 2052 6263 
3 4 6263 851 2776 6369 
3 4 103 6367 6376 3193 
3 9 3193 2466 6349 6332 6308 1487 6299 2957 6244 
3 5 6396 3232 6436 6443 2247 
4 12 2166 1264 6373 6382 6398 2188 6429 1214 6446 6457 1292 1767 
3 4 1767 6480 1142 2247 
3 5 2247 2780 6459 100 1157 
1 3 1157 1358 6396 
3 3 6396 1379 6369 
3 6 1157 6433 6425 3018 2194 3193 
1 4 6168 161 1216 2077 
4 6 6168 6177 6210 3115 6181 6169 
4 7 6169 1953 1452 284 3218 5955 5920 
1 3 6169 6140 505 
1 3 6169 6200 6220 
1 5 2077 6032 6004 1900 2726 
1 4 2077 5991 2941 5920 
4 6 5920 5913 5861 5821 5767 874 
4 2 1044 6115 
2 6 6115 6089 2093 1504 2439 2726 
2 5 2726 2909 5852 5804 874 
4 6 874 2516 5691 5626 5623 775 
2 4 6245 6238 6219 6195 
2 6 6245 2112 289 950 6341 103 
2 3 103 6351 6369 
3 4 6244 6224 6193 6155 
3 7 6195 6163 6165 2740 1542 1697 6055 
3 4 1803 5918 5876 2813 
3 4 6155 6119 97 3024 
3 5 6155 6151 6139 2503 2284 
4 5 2813 2038 1398 2409 901 
2 6 5752 1187 5680 992 5588 5540 
1 5 775 2184 5672 3093 961 
3 9 775 5580 5578 5571 5607 5566 5565 2787 5540 
3 9 5265 2504 5332 5376 5411 2571 2515 5486 5535 
4 2 5540 5535 
2 6 5265 5224 2339 2286 2669 2471 
1 4 5265 5208 2490 1883 
2 4 3024 976 1030 5890 
4 7 2813 5765 5738 2305 5654 1614 5564 
4 4 901 2577 1736 5601 
2 6 2284 893 1221 158 5946 5890 
3 5 2808 5773 2312 5684 2177 
3 6 2808 3162 527 5928 5971 5995 
2 5 2808 119 149 5705 913 
3 4 1241 5534 5509 5535 
4 6 1241 3113 5463 247 2345 5305 
2 7 5265 2125 5283 5274 5295 5317 5305 
4 7 5305 2304 5341 2588 5331 1922 5344 
2 5 5601 2316 5557 5528 1241 
3 5 5533 5485 5419 1884 5344 
4 3 2935 2082 5344 
2 5 5550 19 5570 5527 5533 
3 2 5533 5601 
3 7 2177 2860 5577 5526 2088 5539 836 
3 5 2177 2805 268 5508 5466 
2 3 913 2310 836 
2 6 5404 5430 661 5473 5503 836 
4 6 5404 1122 5325 780 816 5156 
4 5 5156 5144 5133 687 1654 
4 8 2935 5243 757 5172 5149 3084 5095 1654 
4 4 5404 1449 5457 5491 
3 3 5686 287 5556 
4 6 5556 5548 1672 1529 5549 5564 
2 6 5686 940 995 5810 5860 5890 
3 4 5686 1658 2117 991 
2 8 5995 986 5912 5883 5819 787 1255 991 
3 3 991 2455 913 
3 5 2284 6095 6047 6009 5995 
3 6 1679 5326 5293 1878 5185 5149 
2 7 5491 2521 5441 2172 3221 5417 1679 
3 3 5491 5511 5556 
3 4 1679 2567 5512 5564 
3 7 5686 3180 5723 1160 53 67 1803 
2 4 1803 5972 6018 6055 
2 7 5550 5492 2414 5399 5359 2758 2935 
2 4 5550 1570 5521 5564 
2 3 5752 1818 961 
2 5 961 5775 1702 1011 2726 
4 3 6073 2546 1044 
2 7 1044 6027 5961 5910 2924 5792 5752 
3 5 919 180 5999 6011 6021 
3 3 6021 6049 201 
2 4 2748 74 4574 4492 
2 3 6055 22 3024 
1 5 5156 2937 1720 5066 120 
4 3 1346 5137 5206 
4 10 345 2859 1228 4984 2676 1761 262 4809 4760 21 
3 3 808 4762 21 
4 4 21 1464 4639 411 
2 3 1050 2895 3942 
3 5 3904 1995 3861 3885 3906 
3 2 3904 3860 
1 4 1865 2482 926 3789 
2 5 4538 2477 2911 1747 4520 
1 3 222 1786 375 
4 3 2456 6451 2078 
4 4 6418 6428 2213 6440 
3 5 6440 2939 6421 6420 2730 
4 3 2730 406 2933 
4 5 2187 6374 1508 3056 2933 
4 5 2187 1474 1364 6325 943 
4 9 2456 6464 6475 1154 2356 6488 212 903 1344 
3 3 1986 6329 6346 
3 4 2933 6310 6287 6261 
4 6 943 1807 6297 2855 6251 6222 
4 4 943 1896 6270 6243 
4 3 2078 125 2730 
4 3 1251 6447 2143 
4 6 6261 2632 1574 2863 6280 1986 
4 7 2143 727 6406 6390 3038 2328 6346 
4 4 6346 1578 1898 1294 
4 3 2143 1499 968 
4 4 968 1326 2496 1344 
4 6 1344 6485 1235 6478 553 6466 
4 4 6466 1851 6449 968 
4 4 582 838 6385 694 
4 3 316 6368 694 
4 4 316 2382 6318 1986 
4 2 694 6390 
4 6 6466 2493 2203 2904 811 582 
4 3 968 6434 582 
4 3 1290 2415 1294 
4 3 1294 3029 2730 
4 3 1251 1290 2078 
3 5 1986 2988 6241 983 1263 
3 8 5692 5769 2417 5850 2807 3130 1974 6070 
4 5 6243 6236 6211 2881 1253 
4 5 6261 1201 6222 2539 1253 
4 4 6261 3274 6186 2238 
3 4 1301 5935 5941 5894 
3 6 5894 5958 1935 6041 6088 2238 
3 5 1263 2124 6160 6171 2238 
3 3 1301 5907 5856 
3 9 5856 5893 736 5964 6002 2719 5962 46 5906 
1 3 1986 2186 6286 
3 8 6243 6214 6227 1068 3270 6199 6148 69 
4 4 5632 1256 552 5559 
3 6 2238 2950 6096 2372 2373 6070 
3 3 1253 1644 6070 
3 5 741 5977 941 5993 2868 
4 5 5559 2074 2034 5732 5764 
4 7 5559 1855 5537 445 5494 5460 1273 
3 10 6036 6081 3089 2779 271 2136 6218 2418 6266 6284 
2 3 6036 253 2044 
2 6 2044 2582 1532 1180 2176 1261 
2 13 2044 3112 2087 6013 1689 6045 1731 6132 740 2735 6157 776 2575 
3 9 3064 5434 2522 5487 5482 5501 5543 2380 515 
4 5 5559 5515 5465 5412 3064 
4 9 515 2791 5662 2857 965 3176 5758 2363 5856 
4 2 515 5692 
3 5 2868 3264 6065 6083 69 
3 7 69 6077 3328 6093 2300 1988 6024 
2 5 6024 566 419 5997 5959 
1 9 5959 5922 63 3116 5859 2010 735 59 5785 
3 7 69 1577 6008 5965 5952 5925 1051 
4 4 5764 1748 1282 2868 
3 7 5764 5788 2714 1859 5735 1595 5749 
4 9 3064 30 1387 5251 1357 5175 5159 2325 3215 
2 8 3215 5110 5163 5245 1374 2959 263 1273 
3 6 3215 5059 352 4971 197 4929 
4 3 1273 1211 5422 
3 5 741 5981 1924 6082 6070 
3 3 741 5943 2884 
3 6 2884 5816 5787 2681 1218 5632 
4 4 5632 5676 2028 5692 
3 3 2884 5858 1748 
3 7 5749 2607 2408 5567 3251 5461 5422 
3 7 4929 770 498 1814 4977 1234 332 
3 7 4929 2481 1639 1459 4652 4607 2823 
3 8 4713 4670 1809 1110 4484 4396 4346 4300 
3 9 5422 2925 2068 1520 5384 5373 1293 5307 3007 
3 4 5749 917 2923 1051 
3 13 1051 2179 5836 2578 2929 2603 5688 1812 900 5603 2271 5553 2253 
3 7 4713 2114 2012 4797 4801 4804 4783 
3 6 332 5061 1787 2399 5227 3007 
3 7 332 2691 4914 2263 822 38 4713 
1 8 5785 1399 1041 5675 1863 5573 5561 2253 
1 19 5785 2235 5730 3046 1954 524 5562 5517 5471 5413 5379 3230 1605 5322 1886 5338 5329 5323 2822 
3 5 4783 2058 234 1678 372 
3 11 4802 4777 1849 3041 4805 2983 4806 2189 4725 4689 2289 
3 10 1994 5254 1918 853 5165 5126 322 1594 5135 2315 
2 7 5561 2253 606 2630 5363 2615 1994 
3 3 3007 5292 1994 
2 9 2253 1336 5483 1208 1039 1391 5313 5284 5267 
3 4 4802 2804 2045 4783 
3 6 4802 4850 4908 2368 96 2315 
2 4 5267 5221 51 2315 
2 15 5267 441 1589 5285 2677 5203 5180 5141 5142 1038 5112 2908 184 4978 2922 
2 4 3088 1795 536 3309 
2 7 3309 3610 3593 237 691 3557 2362 
3 5 3309 1324 3624 2018 2386 
2 6 2386 949 214 3281 1275 3757 
2 7 3757 72 3806 904 3849 5 2576 
2 4 72 3807 3840 3026 
3 10 2181 3893 1692 1355 4030 1104 586 3040 2001 4299 
1 6 4345 3071 773 1079 2928 679 
2 8 2226 2062 4055 1306 644 2986 4232 4298 
2 10 4196 4151 4135 4098 1340 4072 4079 4082 2327 798 
2 4 301 4076 2665 798 
3 2 798 3981 
2 6 301 4121 2943 4173 4216 4258 
2 3 1613 243 1641 
2 11 1613 4201 1854 31 4126 2545 56 4134 4172 4186 4196 
