1 14 
1 25 
1 36 
1 65 
1 89 
1 91 
1 95 
1 112 
1 129 
1 222 
1 301 
1 305 
1 322 
1 372 
1 411 
1 418 
1 419 
1 421 
1 515 
1 569 
1 582 
1 625 
1 662 
1 666 
1 679 
1 685 
1 688 
1 715 
1 798 
1 808 
1 820 
1 919 
1 964 
1 1009 
1 1060 
1 1068 
1 1069 
1 1087 
1 1123 
1 1129 
1 1177 
1 1251 
1 1377 
1 1517 
1 1589 
1 1613 
1 1654 
1 1748 
1 1800 
1 1812 
1 1837 
1 1849 
1 1863 
1 1877 
1 1893 
1 1898 
1 1937 
1 1954 
1 1962 
1 1974 
1 1986 
1 1994 
1 2010 
1 2020 
1 2059 
1 2081 
1 2088 
1 2244 
1 2289 
1 2325 
1 2386 
1 2390 
1 2393 
1 2408 
1 2671 
1 2672 
1 2748 
1 2754 
1 2822 
1 2823 
1 2855 
1 2919 
1 2926 
1 2935 
1 3052 
1 3109 
1 3124 
1 3136 
1 3140 
1 3196 
1 3262 
1 3300 
1 3308 
1 3309 
1 3342 
1 3354 
1 3374 
1 3399 
1 3502 
1 3539 
1 3564 
1 3789 
1 3803 
1 3860 
1 3883 
1 4003 
1 4009 
1 4037 
1 4065 
1 4072 
1 4145 
1 4196 
1 4244 
1 4258 
1 4298 
1 4299 
1 4300 
1 4320 
1 4331 
1 4352 
1 4435 
1 4453 
1 4520 
1 4624 
1 4754 
1 4769 
1 4789 
1 4801 
1 4816 
1 4917 
1 4926 
1 4929 
1 4977 
1 4983 
1 5003 
1 5032 
1 5156 
1 5180 
1 5262 
1 5305 
1 5404 
1 5422 
1 5508 
1 5559 
1 5758 
1 5952 
1 6002 
1 6041 
1 6073 
1 6076 
1 6310 
1 6418 
1 6466 
