1 14 
1 36 
1 81 
1 89 
1 91 
1 94 
1 95 
1 103 
1 112 
1 116 
1 119 
1 129 
1 255 
1 257 
1 301 
1 305 
1 306 
1 322 
1 324 
1 372 
1 418 
1 419 
1 421 
1 501 
1 515 
1 569 
1 582 
1 625 
1 662 
1 666 
1 670 
1 679 
1 685 
1 686 
1 688 
1 715 
1 752 
1 798 
1 808 
1 820 
1 901 
1 905 
1 935 
1 940 
1 964 
1 1060 
1 1068 
1 1123 
1 1129 
1 1177 
1 1241 
1 1251 
1 1255 
1 1257 
1 1306 
1 1314 
1 1317 
1 1345 
1 1361 
1 1377 
1 1441 
1 1468 
1 1483 
1 1517 
1 1558 
1 1589 
1 1613 
1 1654 
1 1682 
1 1702 
1 1733 
1 1748 
1 1774 
1 1786 
1 1800 
1 1812 
1 1837 
1 1849 
1 1863 
1 1877 
1 1893 
1 1898 
1 1937 
1 1954 
1 1962 
1 1974 
1 1986 
1 1994 
1 2010 
1 2020 
1 2029 
1 2051 
1 2059 
1 2077 
1 2081 
1 2088 
1 2090 
1 2166 
1 2167 
1 2232 
1 2244 
1 2284 
1 2286 
1 2289 
1 2325 
1 2355 
1 2390 
1 2393 
1 2408 
1 2449 
1 2462 
1 2490 
1 2502 
1 2545 
1 2572 
1 2653 
1 2671 
1 2672 
1 2690 
1 2748 
1 2754 
1 2773 
1 2813 
1 2822 
1 2823 
1 2843 
1 2855 
1 2912 
1 2919 
1 2926 
1 2930 
1 2935 
1 2944 
1 2967 
1 3024 
1 3052 
1 3087 
1 3109 
1 3124 
1 3136 
1 3140 
1 3196 
1 3257 
1 3262 
1 3272 
1 3278 
1 3300 
1 3308 
1 3309 
1 3342 
1 3354 
1 3374 
1 3399 
1 3415 
1 3502 
1 3539 
1 3564 
1 3576 
1 3705 
1 3706 
1 3715 
1 3745 
1 3784 
1 3789 
1 3793 
1 3796 
1 3803 
1 3860 
1 3883 
1 3943 
1 4003 
1 4009 
1 4030 
1 4037 
1 4065 
1 4072 
1 4112 
1 4117 
1 4145 
1 4196 
1 4244 
1 4258 
1 4298 
1 4299 
1 4300 
1 4310 
1 4352 
1 4384 
1 4392 
1 4435 
1 4450 
1 4453 
1 4454 
1 4502 
1 4520 
1 4526 
1 4546 
1 4577 
1 4624 
1 4657 
1 4672 
1 4704 
1 4718 
1 4754 
1 4769 
1 4789 
1 4791 
1 4801 
1 4816 
1 4884 
1 4895 
1 4916 
1 4917 
1 4926 
1 4977 
1 4983 
1 5003 
1 5032 
1 5048 
1 5149 
1 5156 
1 5161 
1 5180 
1 5305 
1 5362 
1 5404 
1 5412 
1 5422 
1 5508 
1 5533 
1 5540 
1 5556 
1 5564 
1 5758 
1 5890 
1 5952 
1 6002 
1 6018 
1 6041 
1 6067 
1 6073 
1 6076 
1 6135 
1 6202 
1 6244 
1 6245 
1 6310 
1 6443 
1 6466 
