state={
	id=109
	name="STATE_109"
	resources = {
		steel = 8
	}
	history = {
		owner = ANT
		add_core_of = ANT
		add_core_of = SKO
		buildings = {
			industrial_complex = 2
			infrastructure = 3
			5851 = {
			bunker = 1
			}
		}
		victory_points = {
			940 30
		}
		victory_points = {
			5441 5
		}
		victory_points = {
			5851 7
		}
	}
	provinces={
		207 287 310 381 390 426 433 661 722 750 780 783 787 816 836 877 913 940 991 995 1001 1016 1072 1122 1255 1283 1333 1404 1421 1449 1596 1658 1672 1695 1825 1834 1933 1968 1972 2117 2130 2172 2278 2310 2455 2494 2512 2520 2521 2532 2633 2705 2709 2715 2915 2994 3004 3174 3180 3200 3213 3221 3277 5257 5277 5282 5297 5309 5315 5325 5330 5352 5393 5398 5404 5416 5417 5430 5441 5457 5458 5473 5474 5484 5491 5499 5500 5503 5511 5548 5556 5569 5593 5595 5596 5613 5616 5617 5621 5649 5686 5710 5723 5756 5762 5774 5780 5781 5789 5800 5810 5819 5831 5844 5851 5860 5864 5883 5890 5898 5909 5912 
	}
	manpower=24487500
	buildings_max_level_factor=1.000
	state_category=large_city
	local_supplies=0.000
}
