state={
	id=121
	name="STATE_121"
	history={
		owner = ORI
		add_core_of = ORI
		buildings = {
			infrastructure = 2
			industrial_complex = 2
			arms_factory = 0
			dockyard = 0
			4768 = {
				naval_base = 3

			}
			5218 = {
				naval_base = 4

			}

		}
		victory_points = {
			2009 15 
		}
		victory_points = {
			5218 20 
		}

	}
	resources={
		oil=38.000
		tungsten=8.000
	}
	provinces={
		60 68 202 240 293 360 517 656 725 828 994 1101 1193 1427 1447 1461 1794 1797 1815 1845 1858 1872 1905 1927 1958 1983 1990 2009 2199 2248 2317 2435 2450 2529 2531 2589 2639 2753 2824 2877 2891 2897 2900 2940 2984 2998 3066 3067 3068 3077 3136 3156 3234 3317 4645 4657 4678 4692 4712 4724 4730 4731 4757 4768 4769 4774 4775 4790 4828 4836 4853 4854 4860 4873 4896 4900 4905 4906 4913 4924 4942 4949 4963 4964 4969 4991 4992 4997 5005 5029 5039 5047 5048 5077 5090 5131 5134 5139 5152 5198 5199 5209 5217 5218 5237 5250 5258 5263 5280 5300 5301 5328 5336 5362 5372 5402 5405 5406 5433 5446 5505 5506 5519 5530 5555 5594 6491 
	}
	manpower=7771618
	buildings_max_level_factor=1.000
	state_category=large_city
	local_supplies=0.000
}
