state={
	id=135
	name="STATE_135"
	history={
		owner = ORI
		add_core_of = ORI
		buildings = {
			infrastructure = 3
			industrial_complex = 2
			arms_factory = 1

		}
		victory_points = {
			4713 10 
		}

	}
	resources={
		chromium=15.000
	}
	provinces={
		10 38 70 82 232 297 332 346 498 770 822 879 1075 1110 1173 1184 1194 1234 1367 1416 1437 1459 1547 1553 1639 1669 1683 1699 1714 1809 1814 1843 1946 2012 2072 2076 2114 2146 2153 2210 2259 2263 2479 2481 2627 2646 2657 2691 2738 2752 2769 2799 2815 2823 2916 3008 3032 3054 3188 3194 3239 3276 4218 4239 4247 4262 4300 4304 4329 4346 4356 4396 4440 4446 4484 4497 4505 4522 4533 4540 4548 4590 4597 4607 4608 4616 4646 4647 4652 4661 4662 4669 4670 4674 4675 4686 4687 4697 4706 4713 4721 4732 4745 4764 4765 4776 4797 4801 4811 4814 4818 4819 4823 4829 4842 4849 4862 4867 4874 4875 4885 4888 4891 4897 4907 4909 4914 4929 4930 4934 4950 4959 4966 4977 4993 4998 5016 5025 5026 5034 5040 5054 5061 5072 5073 5085 5117 5155 
	}
	manpower=17022885
	buildings_max_level_factor=1.000
	state_category=metropolis
	local_supplies=0.000
}
