
state={
	id=136
	name="STATE_136"
	resources={
		tungsten=7.000
	}

	history={
		owner = ORI
		add_core_of = ORI
		add_core_of = AUR
		buildings = {
			infrastructure = 2
			industrial_complex = 1
			arms_factory = 0
			dockyard = 0

		}
		victory_points = {
			6314 20 
		}
		victory_points = {
			1851 10 
		}

	}

	provinces={
		93 316 429 553 582 603 626 648 694 727 811 838 847 903 968 983 1065 1156 1201 1235 1269 1326 1344 1362 1369 1499 1549 1574 1576 1578 1724 1823 1851 1856 1986 2106 2119 2143 2169 2186 2203 2239 2328 2340 2382 2486 2493 2496 2500 2605 2632 2817 2862 2863 2904 2988 3038 3187 3274 6204 6222 6226 6236 6241 6242 6247 6257 6261 6262 6280 6286 6287 6306 6309 6314 6318 6328 6329 6338 6346 6356 6360 6364 6368 6375 6378 6381 6384 6385 6390 6397 6400 6406 6412 6422 6434 6439 6444 6447 6449 6453 6462 6463 6466 6470 6471 6472 6473 6474 6478 6481 6483 6484 6485 6489 
	}
	manpower=25178817
	buildings_max_level_factor=1.000
	state_category=megalopolis
	local_supplies=0.000
}
