state={
	id=137
	name="STATE_137"
	history={
		owner = ORI
		add_core_of = ORI
		add_core_of = GEM
		buildings = {
			infrastructure = 3
			industrial_complex = 4
			arms_factory = 0
			dockyard = 1
			4628 = {
				naval_base = 3

			}

		}
		victory_points = {
			5308 15
		}
		victory_points = {
			4628 15 
		}

	}
	resources={
		steel=13.000
		tungsten=9.000
	}
	provinces={
		17 87 90 131 135 147 175 184 234 244 285 372 384 397 402 456 507 510 540 631 632 695 710 764 864 906 916 963 973 1038 1040 1076 1128 1151 1189 1196 1209 1232 1246 1247 1319 1330 1351 1393 1397 1411 1419 1426 1490 1551 1580 1660 1678 1742 1745 1752 1830 1833 1849 1925 2004 2016 2045 2047 2050 2054 2058 2075 2189 2196 2220 2233 2237 2240 2260 2283 2289 2301 2307 2352 2377 2396 2405 2416 2453 2563 2565 2600 2610 2642 2647 2678 2736 2751 2766 2786 2804 2822 2827 2838 2840 2867 2890 2908 2922 2961 2983 2989 2990 3001 3003 3041 3091 3184 3192 3223 3263 3294 3314 3319 3321 3327 4311 4318 4348 4359 4362 4363 4375 4413 4414 4422 4425 4431 4457 4465 4478 4480 4481 4506 4509 4517 4527 4528 4534 4541 4542 4549 4559 4567 4568 4591 4592 4598 4601 4603 4604 4609 4610 4622 4627 4628 4636 4637 4648 4653 4659 4676 4684 4685 4688 4689 4693 4710 4714 4722 4725 4726 4733 4735 4736 4737 4741 4746 4750 4758 4759 4771 4772 4777 4778 4783 4788 4798 4802 4804 4805 4806 4807 4808 4815 4824 4825 4830 4846 4850 4851 4857 4858 4863 4876 4877 4881 4889 4893 4894 4902 4910 4915 4921 4931 4954 4960 4972 4978 4983 4989 4999 5007 5017 5021 5041 5065 5088 5093 5112 5127 5143 5160 5181 5182 5183 5212 5228 5229 5242 5261 5268 5275 5308 5323 
	}
	manpower=24144240
	buildings_max_level_factor=1.000
	state_category=industrialized_megalopolis
	local_supplies=0.000
}
