
state={
	id=138
	name="STATE_138"
	resources={
		chromium=14.000
	}

	history={
		owner = ORI
		add_core_of = ORI
		buildings = {
			infrastructure = 3
			industrial_complex = 4
			arms_factory = 1
			dockyard = 1

		}
		victory_points = {
			2389 12 
		}
		victory_points = {
			6122 18 
		}
		victory_points = {
			6235 15 
		}
		victory_points = {
			3284 30 
		}
		victory_points = {
			5701 10 
		}

	}

	provinces={
		46 133 141 143 196 281 462 478 482 523 534 581 736 741 744 790 875 880 938 965 1174 1202 1253 1263 1296 1301 1323 1372 1395 1423 1444 1465 1494 1579 1616 1644 1735 1750 1880 1894 1907 1915 1924 1935 1945 1973 1974 1977 1997 2061 2124 2217 2238 2360 2363 2372 2373 2389 2417 2452 2497 2539 2592 2626 2710 2719 2791 2801 2807 2818 2825 2841 2857 2880 2881 2888 2889 2898 2934 2947 2950 2952 2958 2995 3013 3019 3083 3130 3131 3173 3176 3181 3284 5590 5631 5660 5661 5662 5674 5696 5701 5706 5721 5728 5739 5740 5753 5755 5758 5768 5769 5784 5787 5795 5796 5803 5806 5807 5828 5834 5835 5841 5848 5849 5850 5855 5856 5857 5868 5873 5874 5880 5887 5888 5893 5894 5906 5907 5915 5921 5933 5935 5940 5941 5942 5951 5958 5962 5964 5968 5975 5976 5981 5987 5988 6000 6002 6007 6015 6023 6026 6029 6037 6041 6046 6053 6061 6063 6064 6070 6076 6082 6088 6092 6096 6102 6118 6122 6123 6124 6127 6133 6137 6142 6152 6159 6160 6162 6164 6166 6171 6185 6186 6187 6191 6192 6198 6203 6211 6213 6235 6255 6256 6264 6285 
	}
	manpower=28203912
	buildings_max_level_factor=1.000
	state_category=industrialized_megalopolis
	local_supplies=0.000
}
