
state={
	id=140
	name="STATE_140"

	history={
		owner = ORI
		add_core_of = ORI
		buildings = {
			infrastructure = 3
			industrial_complex = 3
			arms_factory = 1
			dockyard = 0
			5998 = {
				naval_base = 4
			}
			6112 = {
				naval_base = 2
			}

		}
		victory_points = {
			6112 10 
		}
		victory_points = {
			5998 30 
		}

	}

	provinces={
		63 210 278 304 320 337 419 437 459 468 504 509 566 567 683 705 831 871 900 917 1051 1300 1328 1337 1402 1406 1526 1693 1719 1812 1862 1936 1988 2049 2097 2144 2179 2205 2222 2258 2271 2323 2349 2548 2578 2603 2618 2631 2637 2706 2739 2792 2872 2918 2923 2929 2963 3065 3107 3116 3147 3157 3316 5439 5452 5453 5462 5495 5496 5531 5541 5551 5552 5560 5585 5603 5618 5642 5647 5651 5668 5683 5688 5697 5708 5729 5746 5770 5778 5797 5836 5842 5869 5885 5889 5903 5908 5911 5922 5926 5934 5937 5953 5959 5983 5989 5997 5998 6024 6054 6094 6097 6112 6154 6207 
	}
	manpower=24928913
	buildings_max_level_factor=1.000
	state_category=large_city
	local_supplies=0.000
}
