state={
	id=142
	name="STATE_142"
	history={
		owner = ORI
		add_core_of = ORI
		buildings = {
			infrastructure = 2
			industrial_complex = 2
			arms_factory = 0
			dockyard = 0
			5517 = {
				naval_base = 1

			}

		}
		victory_points = {
			1299 30 
		}

	}

	resources={
		tungsten=19.000
		steel=21.000
		chromium=16.000
	}
	provinces={
		51 59 106 311 317 441 524 565 571 606 633 660 665 674 735 743 745 758 883 985 1039 1041 1045 1089 1121 1130 1147 1208 1243 1270 1299 1336 1343 1349 1391 1399 1412 1439 1479 1507 1511 1564 1581 1589 1605 1681 1705 1722 1835 1850 1863 1886 1954 1959 2010 2067 2126 2161 2235 2242 2245 2253 2275 2315 2341 2426 2433 2458 2553 2625 2677 2704 2722 2836 2849 2864 2871 2936 2981 3046 3062 3135 3158 3164 3171 3175 3203 3230 5036 5045 5051 5092 5096 5101 5111 5141 5142 5146 5166 5168 5180 5187 5188 5203 5211 5221 5232 5241 5247 5260 5267 5281 5284 5285 5298 5313 5314 5316 5319 5322 5329 5335 5338 5355 5358 5364 5368 5369 5379 5385 5397 5407 5408 5413 5427 5435 5440 5447 5450 5471 5472 5479 5483 5497 5517 5523 5532 5538 5542 5545 5546 5553 5554 5561 5562 5573 5574 5591 5592 5598 5604 5605 5619 5620 5624 5628 5643 5644 5652 5653 5663 5669 5675 5678 5679 5689 5698 5704 5709 5715 5726 5730 5736 5737 5742 5743 5750 5760 5761 5771 5772 5779 5785 5798 5799 5808 5813 5814 5817 5843 5859 5881 5886 5916 5927 5938 5960 5966 5970 6017 6590 
	}
	manpower=22465736
	buildings_max_level_factor=1.000
	state_category=large_city
	local_supplies=0.000
}
