
state={
	id=149
	name="STATE_149"

	history={
		owner = ORI
		add_core_of = ORI
		buildings = {
			infrastructure = 2
			industrial_complex = 1
			arms_factory = 0
			dockyard = 0
			
		}
		victory_points = {
			5109 4 
		}

	}

	provinces={
		235 431 432 805 923 952 1031 1370 1516 1559 1599 1622 1887 1892 1923 1966 2053 2105 2109 2266 2518 2703 2716 3030 3246 4944 5018 5019 5042 5062 5080 5094 5105 5106 5107 5108 5109 5113 5147 5189 5204 5205 5220 5222 5256 5276 5296 5299 5339 5392 5428 5444 5480 5524 5525 5547 5575 5576 5579 5599 5615 5634 5664 5702 5809 5818 5823 5829 5863 5882 5896 5923 6782 6783 6787 6789 6797 6799 6800 6801 6802 6824 6830 
	}
	manpower=8459034
	buildings_max_level_factor=1.000
	state_category=town
	local_supplies=0.000
}
