state={
	id=3
	name="STATE_3"
	history={
		owner = ORI
		add_core_of = ORI
		buildings = {
			infrastructure = 4
			industrial_complex = 7
			arms_factory = 2
			dockyard = 3
			5318 = {
				naval_base = 10

			}

		}
		victory_points = {
			5412 60 
		}
		victory_points = {
			5318 5
		}

	}
	resources={
		steel=19.000
		chromium=13.000
		tungsten=9.000
		rubber=6.000
	}
	provinces={
		30 37 52 114 154 163 197 204 226 238 251 252 263 307 352 445 499 508 515 551 552 559 645 734 746 751 823 918 1005 1082 1097 1099 1211 1218 1222 1237 1256 1272 1273 1293 1335 1357 1374 1385 1387 1415 1418 1496 1520 1534 1591 1623 1709 1716 1746 1763 1775 1787 1840 1844 1855 1868 1873 1889 1906 1940 1961 1978 2025 2028 2034 2068 2074 2137 2154 2197 2219 2225 2249 2251 2255 2293 2302 2325 2331 2369 2380 2399 2408 2429 2467 2480 2487 2505 2522 2587 2607 2635 2681 2756 2809 2839 2861 2866 2905 2914 2925 2931 2959 2968 2993 3022 3035 3055 3064 3073 3132 3141 3146 3150 3202 3204 3206 3215 3228 3251 3253 4817 4861 4866 4890 4901 4933 4958 4965 4971 5006 5011 5015 5030 5050 5053 5059 5060 5071 5078 5091 5099 5100 5104 5110 5119 5123 5132 5153 5154 5159 5163 5164 5175 5179 5186 5201 5210 5231 5238 5245 5246 5251 5252 5255 5259 5273 5288 5289 5291 5302 5306 5311 5312 5318 5333 5345 5346 5348 5349 5357 5370 5373 5377 5383 5384 5387 5389 5390 5395 5403 5410 5412 5422 5423 5426 5434 5437 5438 5451 5460 5461 5465 5469 5470 5476 5482 5487 5490 5494 5501 5502 5507 5515 5516 5520 5536 5537 5543 5544 5559 5567 5572 5582 5583 5584 5602 5608 5614 5632 5633 5637 5641 5650 5676 5677 5681 5692 5693 5707 5718 5722 5749 5759 6460 
	}
	manpower=30125351
	buildings_max_level_factor=1.000
	state_category=industrial_heartland
	local_supplies=0.000
}
