state={
	id=98
	name="STATE_98"
	resources={
		chromium=10.000
	}
	
	history={
		owner = ANT
		add_core_of = ANT
		add_core_of = NRM
		buildings = {
			industrial_complex = 2
			dockyard = 1
			infrastructure = 3
			6073 = {
				naval_base = 2
			}
		}
		victory_points = {
			5919 15
		}
		victory_points = {
			5571 10
		}
		victory_points = {
			5691 10
		}
		victory_points = {
			1044 5
		}
	}
	provinces={
		176 239 733 775 874 882 909 961 1011 1044 1057 1077 1187 1262 1266 1442 1504 1560 1702 1717 1732 1764 1818 1822 1900 1904 1964 1965 2093 2184 2269 2274 2294 2311 2385 2439 2445 2516 2546 2555 2650 2689 2726 2750 2852 2909 2913 2924 2972 2979 3020 3093 3207 3256 3267 3304 3332 5566 5571 5578 5580 5581 5607 5622 5623 5626 5671 5672 5687 5691 5712 5716 5725 5727 5733 5752 5766 5767 5775 5792 5804 5811 5815 5821 5838 5846 5852 5861 5866 5878 5884 5910 5913 5919 5948 5957 5961 5963 5967 6001 6004 6012 6022 6027 6028 6032 6043 6050 6056 6059 6068 6073 6089 6108 6114 6115 6125 6130 6843 8216 
	}
	manpower=11423264
	buildings_max_level_factor=1.000
	state_category=industrialized_metropolis
	local_supplies=0.000
}
